1	1	40
2	1	10
3	1	00
4	1	10
5	1	40
6	1	30
7	1	00
8	1	20
9	1	20
10	1	20
11	1	50
12	1	00
13	1	40
14	1	10
15	1	30
16	1	40
17	1	00
18	1	20
19	1	00
20	1	30
21	1	00
22	1	40
23	1	10
24	1	10
25	1	30
26	1	10
27	1	20
28	1	40
29	1	30
30	1	40
31	1	20
32	1	30
33	1	00
34	1	00
35	1	30
36	1	50
37	1	30
38	1	20
39	1	50
40	1	20
41	1	10
42	1	00
43	1	20
44	1	10
45	1	40
46	1	00
47	1	10
48	1	10
49	1	00
50	1	50
51	1	00
52	1	50
53	1	20
54	1	30
55	1	20
56	1	40
57	1	20
58	1	00
59	1	40
60	1	00
61	1	40
62	1	30
63	1	40
64	1	50
65	1	50
66	1	20
67	1	10
68	1	30
69	1	50
70	1	30
71	1	50
72	1	20
73	1	20
74	1	10
75	1	10
76	1	10
77	1	00
78	1	20
79	1	00
80	1	10
81	1	40
82	1	30
83	1	40
84	1	10
85	1	10
86	1	40
87	1	10
88	1	40
89	1	00
90	1	00
91	1	30
92	1	50
93	1	20
94	1	20
95	1	40
96	1	40
97	1	10
98	1	00
99	1	50
100	1	40
101	1	50
102	1	20
103	1	10
104	1	30
105	1	40
106	1	10
107	1	00
108	1	10
109	1	20
110	1	00
111	1	00
112	1	00
113	1	40
114	1	20
115	1	40
116	1	30
117	1	00
118	1	50
119	1	40
120	1	40
121	1	40
122	1	10
123	1	40
124	1	10
125	1	30
126	1	30
127	1	20
128	1	20
129	1	30
130	1	30
131	1	40
132	1	30
133	1	50
134	1	50
135	1	00
136	1	30
137	1	20
138	1	20
139	1	50
140	1	50
141	1	10
142	1	30
143	1	30
144	1	00
145	1	50
146	1	40
147	1	20
148	1	10
149	1	00
150	1	20
151	1	50
152	1	40
153	1	00
154	1	50
155	1	50
156	1	50
157	1	10
158	1	50
159	1	10
160	1	30
161	1	50
162	1	10
163	1	40
164	1	50
165	1	10
166	1	30
167	1	00
168	1	30
169	1	00
170	1	40
171	1	20
172	1	00
173	1	10
174	1	30
175	1	00
176	1	40
177	1	10
178	1	20
179	1	30
180	1	20
181	1	20
182	1	40
183	1	20
184	1	00
185	1	40
186	1	20
187	1	10
188	1	30
189	1	00
190	1	50
191	1	50
192	1	10
193	1	00
194	1	10
195	1	10
196	1	20
197	1	50
198	1	30
199	1	50
200	1	50
201	1	50
202	1	50
203	1	20
204	1	10
205	1	50
206	1	20
207	1	00
208	1	50
209	1	30
210	1	10
211	1	30
212	1	00
213	1	20
214	1	00
215	1	40
216	1	50
217	1	50
218	1	20
219	1	50
220	1	30
221	1	50
222	1	00
223	1	30
224	1	40
225	1	00
226	1	50
227	1	00
228	1	10
229	1	40
230	1	30
231	1	20
232	1	50
233	1	20
234	1	10
235	1	00
236	1	20
237	1	10
238	1	30
239	1	00
240	1	30
241	1	10
242	1	50
243	1	30
244	1	20
245	1	50
246	1	50
247	1	10
248	1	50
249	1	40
250	1	10
251	1	20
252	1	00
253	1	20
254	1	20
255	1	40
256	1	50
257	1	00
258	1	00
259	1	50
260	1	10
261	1	30
262	1	50
263	1	00
264	1	20
265	1	20
266	1	10
267	1	30
268	1	40
269	1	00
270	1	40
271	1	40
272	1	00
273	1	50
274	1	00
275	1	10
276	1	00
277	1	40
278	1	40
279	1	40
280	1	50
281	1	00
282	1	40
283	1	20
284	1	40
285	1	30
286	1	30
287	1	30
288	1	20
289	1	40
290	1	50
291	1	20
292	1	10
293	1	20
294	1	50
295	1	40
296	1	10
297	1	00
298	1	50
299	1	00
300	1	10
301	1	30
302	1	50
303	1	30
304	1	10
305	1	10
306	1	20
307	1	10
308	1	50
309	1	20
310	1	50
311	1	10
312	1	50
313	1	40
314	1	40
315	1	20
316	1	30
317	1	00
318	1	10
319	1	10
320	1	00
321	1	30
322	1	10
323	1	20
324	1	50
325	1	40
326	1	10
327	1	40
328	1	10
329	1	50
330	1	50
331	1	50
332	1	10
333	1	40
334	1	40
335	1	30
336	1	10
337	1	10
338	1	10
339	1	10
340	1	20
341	1	00
342	1	20
343	1	40
344	1	20
345	1	20
346	1	10
347	1	30
348	1	00
349	1	20
350	1	40
351	1	50
352	1	10
353	1	10
354	1	50
355	1	20
356	1	10
357	1	10
358	1	10
359	1	00
360	1	00
361	1	50
362	1	50
363	1	50
364	1	50
365	1	20
366	1	00
367	1	30
368	1	30
369	1	20
370	1	40
371	1	10
372	1	50
373	1	30
374	1	10
375	1	00
376	1	10
377	1	10
378	1	00
379	1	10
380	1	30
381	1	10
382	1	10
383	1	10
384	1	20
385	1	10
386	1	00
387	1	20
388	1	20
389	1	20
390	1	40
391	1	50
392	1	50
393	1	10
394	1	20
395	1	00
396	1	00
397	1	20
398	1	00
399	1	00
400	1	40
401	1	10
402	1	20
403	1	00
404	1	20
405	1	50
406	1	20
407	1	40
408	1	50
409	1	00
410	1	50
411	1	20
412	1	30
413	1	40
414	1	40
415	1	00
416	1	30
417	1	50
418	1	20
419	1	30
420	1	00
421	1	00
422	1	30
423	1	50
424	1	20
425	1	20
426	1	00
427	1	20
428	1	50
429	1	50
430	1	10
431	1	50
432	1	10
433	1	30
434	1	20
435	1	30
436	1	00
437	1	50
438	1	30
439	1	40
440	1	20
441	1	30
442	1	50
443	1	50
444	1	30
445	1	20
446	1	10
447	1	20
448	1	30
449	1	40
450	1	40
451	1	30
452	1	40
453	1	20
454	1	10
455	1	10
456	1	20
457	1	20
458	1	00
459	1	40
460	1	50
461	1	30
462	1	20
463	1	00
464	1	10
465	1	10
466	1	30
467	1	00
468	1	40
469	1	40
470	1	20
471	1	30
472	1	40
473	1	30
474	1	40
475	1	30
476	1	30
477	1	10
478	1	50
479	1	30
480	1	50
481	1	10
482	1	20
483	1	30
484	1	10
485	1	10
486	1	30
487	1	10
488	1	20
489	1	00
490	1	30
491	1	20
492	1	10
493	1	20
494	1	30
495	1	40
496	1	00
497	1	40
498	1	30
499	1	00
500	1	20
1	2	50
2	2	20
3	2	40
4	2	40
5	2	10
6	2	00
7	2	00
8	2	50
9	2	10
10	2	20
11	2	10
12	2	40
13	2	30
14	2	40
15	2	30
16	2	30
17	2	50
18	2	10
19	2	30
20	2	20
21	2	50
22	2	20
23	2	10
24	2	10
25	2	30
26	2	50
27	2	40
28	2	50
29	2	20
30	2	50
31	2	40
32	2	10
33	2	10
34	2	40
35	2	10
36	2	30
37	2	00
38	2	50
39	2	10
40	2	20
41	2	00
42	2	00
43	2	30
44	2	00
45	2	20
46	2	10
47	2	40
48	2	20
49	2	10
50	2	20
51	2	40
52	2	40
53	2	30
54	2	50
55	2	00
56	2	50
57	2	40
58	2	50
59	2	30
60	2	20
61	2	30
62	2	30
63	2	40
64	2	10
65	2	50
66	2	50
67	2	20
68	2	40
69	2	40
70	2	00
71	2	00
72	2	00
73	2	10
74	2	40
75	2	00
76	2	50
77	2	50
78	2	30
79	2	00
80	2	20
81	2	40
82	2	00
83	2	50
84	2	50
85	2	10
86	2	30
87	2	00
88	2	20
89	2	10
90	2	20
91	2	30
92	2	30
93	2	40
94	2	50
95	2	50
96	2	50
97	2	50
98	2	00
99	2	40
100	2	20
101	2	20
102	2	50
103	2	10
104	2	50
105	2	10
106	2	40
107	2	40
108	2	20
109	2	10
110	2	10
111	2	30
112	2	20
113	2	40
114	2	30
115	2	30
116	2	50
117	2	10
118	2	10
119	2	00
120	2	50
121	2	50
122	2	30
123	2	30
124	2	30
125	2	40
126	2	20
127	2	20
128	2	20
129	2	10
130	2	40
131	2	40
132	2	50
133	2	50
134	2	30
135	2	30
136	2	50
137	2	20
138	2	10
139	2	10
140	2	20
141	2	50
142	2	10
143	2	40
144	2	30
145	2	40
146	2	00
147	2	00
148	2	30
149	2	20
150	2	50
151	2	40
152	2	00
153	2	10
154	2	00
155	2	20
156	2	10
157	2	50
158	2	30
159	2	30
160	2	10
161	2	10
162	2	10
163	2	30
164	2	00
165	2	40
166	2	40
167	2	40
168	2	40
169	2	30
170	2	00
171	2	20
172	2	00
173	2	10
174	2	00
175	2	40
176	2	20
177	2	40
178	2	20
179	2	20
180	2	00
181	2	40
182	2	50
183	2	10
184	2	00
185	2	10
186	2	00
187	2	00
188	2	10
189	2	30
190	2	10
191	2	30
192	2	30
193	2	20
194	2	30
195	2	20
196	2	00
197	2	10
198	2	50
199	2	30
200	2	50
201	2	50
202	2	40
203	2	10
204	2	00
205	2	10
206	2	00
207	2	30
208	2	00
209	2	00
210	2	30
211	2	00
212	2	00
213	2	10
214	2	00
215	2	50
216	2	20
217	2	00
218	2	10
219	2	50
220	2	40
221	2	40
222	2	20
223	2	10
224	2	40
225	2	20
226	2	00
227	2	50
228	2	50
229	2	20
230	2	20
231	2	20
232	2	50
233	2	20
234	2	10
235	2	10
236	2	30
237	2	40
238	2	10
239	2	30
240	2	10
241	2	40
242	2	30
243	2	50
244	2	10
245	2	00
246	2	00
247	2	30
248	2	50
249	2	40
250	2	10
251	2	40
252	2	30
253	2	00
254	2	40
255	2	40
256	2	10
257	2	50
258	2	10
259	2	50
260	2	20
261	2	30
262	2	10
263	2	20
264	2	10
265	2	40
266	2	50
267	2	50
268	2	00
269	2	30
270	2	10
271	2	20
272	2	10
273	2	50
274	2	00
275	2	50
276	2	30
277	2	50
278	2	50
279	2	20
280	2	50
281	2	20
282	2	10
283	2	30
284	2	20
285	2	00
286	2	20
287	2	50
288	2	00
289	2	40
290	2	10
291	2	00
292	2	40
293	2	20
294	2	00
295	2	20
296	2	00
297	2	20
298	2	10
299	2	40
300	2	00
301	2	40
302	2	10
303	2	10
304	2	20
305	2	10
306	2	00
307	2	20
308	2	40
309	2	00
310	2	50
311	2	30
312	2	00
313	2	50
314	2	10
315	2	00
316	2	10
317	2	40
318	2	00
319	2	20
320	2	50
321	2	40
322	2	40
323	2	50
324	2	50
325	2	10
326	2	40
327	2	50
328	2	00
329	2	30
330	2	20
331	2	30
332	2	50
333	2	40
334	2	40
335	2	00
336	2	30
337	2	20
338	2	50
339	2	50
340	2	40
341	2	10
342	2	10
343	2	40
344	2	00
345	2	40
346	2	30
347	2	10
348	2	30
349	2	50
350	2	20
351	2	30
352	2	10
353	2	20
354	2	00
355	2	30
356	2	10
357	2	30
358	2	20
359	2	40
360	2	30
361	2	40
362	2	00
363	2	30
364	2	00
365	2	40
366	2	30
367	2	40
368	2	20
369	2	50
370	2	30
371	2	20
372	2	20
373	2	50
374	2	50
375	2	50
376	2	30
377	2	50
378	2	50
379	2	40
380	2	00
381	2	10
382	2	20
383	2	50
384	2	20
385	2	00
386	2	40
387	2	40
388	2	50
389	2	20
390	2	00
391	2	00
392	2	40
393	2	30
394	2	20
395	2	00
396	2	00
397	2	30
398	2	50
399	2	00
400	2	30
401	2	50
402	2	10
403	2	00
404	2	50
405	2	20
406	2	00
407	2	00
408	2	50
409	2	40
410	2	20
411	2	50
412	2	00
413	2	40
414	2	00
415	2	50
416	2	00
417	2	50
418	2	40
419	2	50
420	2	00
421	2	10
422	2	20
423	2	00
424	2	50
425	2	20
426	2	10
427	2	00
428	2	30
429	2	30
430	2	00
431	2	50
432	2	30
433	2	10
434	2	40
435	2	20
436	2	00
437	2	30
438	2	10
439	2	40
440	2	10
441	2	10
442	2	50
443	2	40
444	2	10
445	2	40
446	2	40
447	2	00
448	2	50
449	2	10
450	2	50
451	2	00
452	2	50
453	2	30
454	2	30
455	2	20
456	2	00
457	2	00
458	2	10
459	2	50
460	2	50
461	2	00
462	2	50
463	2	40
464	2	50
465	2	40
466	2	40
467	2	00
468	2	30
469	2	30
470	2	10
471	2	10
472	2	10
473	2	00
474	2	10
475	2	50
476	2	50
477	2	30
478	2	10
479	2	20
480	2	20
481	2	00
482	2	50
483	2	10
484	2	40
485	2	40
486	2	00
487	2	00
488	2	20
489	2	20
490	2	00
491	2	50
492	2	50
493	2	00
494	2	40
495	2	10
496	2	10
497	2	20
498	2	00
499	2	30
